116
577
842
709
973
464
151
278
356
758
666
958
663
804
746
245
165
492
195
285
311
824
693
268
281
105
932
427
12
522
175
687
332
892
697
660
94
470
172
665
926
626
671
461
346
753
721
262
699
604
565
390
893
882
694
833
650
126
161
53
904
992
173
290
823
92
649
931
235
347
555
937
318
699
880
491
121
962
811
7
259
831
164
277
930
443
473
779
264
165
94
579
336
471
42
949
641
35
613
581
954
549
486
319
747
454
568
294
876
617
170
501
451
18
103
958
644
268
461
472
965
679
737
468
819
620
996
625
769
337
261
323
745
50
506
128
745
660
587
145
358
248
355
454
949
878
953
590
307
589
935
640
365
941
213
339
751
585
810
834
293
478
53
402
242
190
651
36
347
716
22
695
925
192
455
639
201
517
845
802
413
227
314
716
974
764
226
944
152
45
317
430
385
615
955
182
134
232
158
519
877
325
390
918
472
393
860
900
50
130
459
339
200
117
557
723
920
967
520
694
836
591
992
502
979
899
698
45
679
881
515
206
325
200
904
21
641
303
795
582
773
646
313
604
297
201
612
789
641
112
472
492
542
12
198
744
762
861
123
796
794
361
731
918
470
995
468
367
275
870
871
574
88
20
827
227
376
666
977
301
715
775
755
84
865
499
257
285
377
970
477
74
184
833
821
158
359
371
515
392
796
928
221
281
534
188
747
391
895
358
343
509
370
882
517
684
338
591
725
53
166
497
583
419
148
942
16
382
497
76
163
502
549
932
644
802
249
325
160
268
579
165
716
384
77
875
503
273
66
147
513
85
89
379
347
110
508
759
815
785
728
537
633
473
173
80
292
765
991
165
838
248
983
393
306
773
681
106
764
878
285
726
11
779
127
578
769
212
482
358
119
878
23
510
717
328
574
506
655
92
646
980
503
235
343
828
324
222
387
525
42
523
421
587
245
3
653
763
421
680
579
389
563
560
261
180
646
512
588
26
274
372
457
312
116
664
589
184
724
555
376
933
489
523
956
865
101
661
703
529
401
510
167
111
155
610
178
843
672
158
645
330
794
431
195
551
4
197
529
702
473
787
944
662
36
186
643
946
788
102
569
521
413
89
700
595
786
403
114
476
110
724
984
595
64
718
273
510
340
720
356
374
123
670
802
289
681
881
15
430
159
930
570
938
1
206
781
121
826
806
823
361
138
887
592
356
709
159
963
754
476
869
140
496
477
292
975
561
109
940
792
50
894
884
379
372
961
389
300
841
204
675
252
873
784
364
454
184
879
355
685
153
627
259
598
175
158
405
701
421
757
364
907
719
218
680
651
818
30
444
976
983
995
358
335
175
204
663
230
718
873
297
636
453
953
704
841
431
877
619
622
676
549
457
329
993
1
808
513
905
200
574
907
643
464
72
509
489
196
606
836
812
302
297
795
129
892
634
348
331
163
518
929
43
706
309
813
514
895
57
68
206
486
386
350
58
801
75
866
264
400
142
368
128
708
740
472
319
638
954
555
576
795
8
71
923
246
337
683
889
194
315
916
364
927
148
437
320
901
475
554
447
269
303
992
462
803
637
433
368
272
565
764
501
934
299
290
909
805
628
524
314
120
182
517
504
915
453
8
674
355
353
909
472
738
28
143
394
728
210
925
890
929
474
988
404
59
589
779
704
257
420
627
889
858
931
40
9
8
687
670
175
777
579
580
890
368
75
805
43
170
466
382
495
122
728
915
419
288
627
376
706
623
974
159
7
790
27
405
81
528
651
579
956
164
952
61
241
98
742
772
582
49
106
389
147
144
85
998
375
371
429
504
924
652
574
329
433
870
698
995
120
19
381
644
901
313
506
151
290
605
124
659
302
532
135
570
180
485
323
916
99
185
860
478
69
174
558
413
134
182
255
2
72
311
900
760
746
426
274
677
79
819
388
864
404
624
848
569
859
326
41
205
606
844
282
749
345
830
281
445
90
656
454
497
651
455
148
997
588
178
167
478
798
612
345
842
955
196
687
808
130
666
578
53
372
769
401
25
651
890
491
489
181
479
328
247
878
589
368
775
840
580
334
662
998
887
176
722
989
870
844
702
953
440
469
412
998
472
824
939
291
919
439
709
774
245
370
743
604
98
412
497
320
911
681
577
45
715
105
987
641
239
447
220
183
259
462
127
973
323
773
849
588
444
843
723
220
924
528
207
839
421
14
177
54
31
884
598
355
555
667
349
936
551
582
834
865
494
142
53
994
946
681
938
425
136
229
357
558
500
698
965
380
589
490
673
77
490
743
